-1.190642605402509,0.35586044114160664,0.7171773483631116,0.6339955720429866,-0.10217221163272772,-2.1364174986157014,0.9299561611587093,-1.5839121845935973,1.7323057674923756,2.446310835228454,0.1630222414433362,-2.9558679449724012,-1.7603229129752274,-1.8325678396633647,0.39106301430818496,-2.84674946607047,2.0288201699752504,-2.407078959267489,1.5334356628157684,2.3272127801320357,1.4628447356255423,0.6815109180549932,-0.9657764843178691,-1.6253241553970879,1.0658607829571658,2.648002695702724,1.7551866900696125,-1.9839427198214887,0.06387374618685268,-0.27383571233458676,-2.3721181983564446,2.208860045125485,-1.8003598738415307,1.9322827898136286,2.995214003087849,2.6576270026686517,-2.610952784494608,-0.8574590652005507,1.9941647380858416,1.1105670008859216,-2.0981819779831055,2.596998033856079,-0.059571450030714956,2.088246774476561,1.5520765306115905,-0.2199343598950062,-1.3778314512137455,1.4206085920292326
numHidden 	5
numGenes 	48
minGene 	-3.0
maxGene 	3.0
popSize 	40
maxEvaluations 	4000
mutateRate 	0.01
mutateChange 	0.05
seed 	1553381692074
random 	java.util.Random@18b3c59d
neuralNetworkClass 	class coursework.ExampleEvolutionaryAlgorithm
Training Set Training
Fitness 0.1482109474645914