-1.228664084167157,2.1095163447147938,0.5544644740186402,-0.04468227673762577,2.759808608315822,2.4423378569939613,0.9171774128840215,1.1194441439648681,0.5702850733960231,0.9142900377548353,1.6956875186585438,2.395106721482576,-1.7462422897479326,-0.024393109519334905,-1.105986320318514,2.485844735696782,-2.6492537825549514,1.8495021529725282,2.9203844653886826,-0.14045640695423,2.2605835280915993,-2.6474177682660334,2.062516902510324,1.039389827443733,0.4110005089898454,2.2653363030323037,0.36926685293321965,0.5794434028123652,-0.06736087625895734,-1.4177670508601015,1.1829295177785508,2.3174412601650562,1.3567891788361321,-0.9435011908042927,-0.201117473821337,-1.448254527424502,-1.1441791836974746,1.3777010390243387,1.4491944995484027,-2.318857396884109,-0.46554563566573354,1.980804932943051,0.5142368157366959,-2.0244990426179394,1.4061815583804844,-0.5665795081311501,-0.13873845026019377,2.2120877606278553
numHidden 	5
numGenes 	48
minGene 	-3.0
maxGene 	3.0
popSize 	40
maxEvaluations 	8000
mutateRate 	0.01
mutateChange 	0.05
seed 	1553381720513
random 	java.util.Random@62fbec4
neuralNetworkClass 	class coursework.ExampleEvolutionaryAlgorithm
Training Set Training
Fitness 0.2653153590678519